1.43
1.44
1.45
1.45
1.45
1.47
1.47
1.45
1.49
1.49
1.51
1.52
1.51
1.50
1.51
1.50
1.50
1.55
1.52
1.48
1.53
1.48
1.55
1.52
1.52
1.53
1.54
1.51
1.59
1.54
1.58
1.55
1.56
1.61
1.55
1.56
1.57
1.55
1.57
1.60
1.88
1.58
1.59
1.65
1.60
1.58
1.60
1.56
1.62
1.58
1.59
1.65
1.63
1.60
1.68
1.79
1.66
1.64
1.62
1.63
1.64
1.64
1.64
1.64
1.77
1.64
1.66
1.69
1.65
1.67
1.67
1.74
1.67
1.68
1.71
1.75
1.79
1.67
1.72
1.68
1.69
1.86
1.73
1.71
1.75
1.72
1.71
1.89
1.71
1.73
1.71
1.75
1.72
1.73
1.76
1.72
1.74
1.81
1.77
1.76
1.75
1.78
1.85
1.75
1.77
1.76
1.80
1.77
1.78
1.96
1.82
1.79
1.79
1.80
1.78
1.78
1.80
1.81
1.92
1.77
1.87
1.79
1.80
1.81
1.73
1.85
1.82
1.82
1.83
1.85
1.79
1.83
1.80
1.80
1.80
1.85
1.81
1.86
1.85
1.99
1.86
1.86
1.87
1.89
1.88
1.88
1.90
1.89
1.89
1.86
1.89
1.90
1.90
1.89
1.89
1.92
1.98
1.91
1.92
1.91
1.88
1.93
1.94
1.93
1.94
1.95
1.89
1.94
1.99
1.90
1.95
1.96
1.95
1.98
1.97
1.98
1.96
2.00
2.05
2.03
2.07
1.99
2.01
1.97
1.97
2.00
2.02
2.01
1.98
2.00
2.01
2.03
2.02
2.06
2.04
2.04
2.01
2.03
2.13
2.04
2.09
2.05
2.04
2.06
2.04
2.06
2.06
2.06
2.06
2.07
2.06
2.06
2.07
2.07
2.20
2.06
2.03
2.09
2.09
2.11
2.11
2.11
2.16
2.04
2.11
2.14
2.11
2.12
2.12
2.14
2.21
2.15
2.11
2.13
2.27
2.13
2.12
2.15
2.13
2.15
2.19
2.16
2.12
2.17
2.24
2.18
2.26
2.17
2.17
2.24
2.25
2.15
2.18
2.20
2.20
2.21
2.69
2.25
2.21
2.22
2.21
2.22
2.23
2.22
2.23
2.23
2.24
2.23
2.22
2.19
2.24
2.25
2.47
2.19
2.23
2.24
2.26
2.22
2.36
2.22
2.23
2.28
2.28
2.29
2.28
2.27
2.30
2.29
2.30
2.30
2.30
2.30
2.30
2.29
2.52
2.32
2.39
2.32
2.42
2.28
2.31
2.33
2.34
2.29
2.33
2.33
2.35
2.33
2.36
2.37
2.36
2.36
2.34
2.42
2.38
2.37
2.38
2.37
2.40
2.38
2.37
2.39
2.39
2.37
2.46
2.47
2.40
2.43
2.40
2.51
2.49
2.42
2.37
2.40
2.43
2.52
2.40
2.50
2.44
2.44
2.44
2.44
2.46
2.56
2.46
2.45
2.49
2.46
2.50
2.48
2.46
2.49
2.74
2.47
2.51
2.52
2.51
2.51
2.58
2.50
2.50
2.56
2.74
2.62
2.57
2.54
2.53
2.52
2.53
2.53
2.55
2.66
2.53
2.53
2.53
2.49
2.50
2.57
2.68
2.61
2.59
2.61
2.57
2.57
2.57
2.65
2.57
2.58
2.58
2.59
2.58
2.57
2.76
2.65
2.58
2.59
2.54
2.61
2.60
2.59
2.63
2.71
2.60
2.64
2.64
2.64
2.64
2.77
2.63
2.64
2.64
2.65
2.65
2.76
2.67
2.98
2.90
2.68
2.69
2.68
2.70
2.67
2.70
2.81
2.69
2.72
2.70
2.76
2.70
2.73
2.69
2.75
2.71
2.69
2.71
2.86
2.99
2.72
2.74
2.74
2.74
2.73
2.74
2.75
2.74
2.74
2.83
2.74
2.74
2.69
2.68
2.76
2.77
2.78
2.78
2.79
2.44
2.78
2.82
2.80
2.87
2.79
2.80
2.81
2.79
2.75
2.78
2.88
2.83
2.74
2.85
2.76
2.81
2.82
2.84
2.85
2.84
2.87
2.84
2.89
2.82
2.85
2.85
2.84
2.91
2.77
2.90
2.86
2.89
2.99
2.90
3.07
2.88
2.89
2.94
2.83
3.30
2.91
2.91
2.90
