25.84
25.83
25.94
25.99
26.03
27.03
26.63
26.21
26.25
26.34
26.40
26.43
26.45
26.53
26.58
26.65
26.61
26.65
26.99
26.67
26.63
31.53
27.96
29.57
27.15
27.22
27.20
27.27
27.44
27.62
27.51
27.63
27.58
29.14
29.44
29.27
28.79
27.84
28.04
28.12
28.21
28.39
28.22
28.29
28.21
28.15
28.37
27.99
28.70
29.21
28.70
28.97
28.79
28.47
29.06
28.68
28.88
29.35
29.51
29.19
29.23
29.21
28.97
29.17
30.23
29.77
31.79
30.87
31.11
32.15
31.31
31.26
31.42
31.42
31.45
31.42
31.24
31.12
31.39
31.73
33.88
32.57
32.10
31.19
30.61
31.14
30.97
30.84
30.89
30.98
30.93
31.27
30.79
32.12
30.88
31.21
32.71
31.40
36.36
32.59
31.39
31.41
31.43
31.50
31.51
31.44
31.46
31.49
31.52
32.00
32.67
32.16
32.17
32.22
32.25
32.35
33.58
32.87
32.54
32.89
32.79
33.00
34.97
32.69
32.57
33.33
36.88
34.65
34.67
34.83
34.82
34.50
37.10
34.96
33.37
33.51
33.01
33.34
33.62
33.65
33.73
33.66
33.65
33.71
35.60
35.62
34.07
34.14
34.18
34.30
34.33
34.36
34.46
34.51
34.60
34.54
37.26
34.85
34.78
34.87
35.28
35.22
35.36
37.52
36.85
37.21
36.21
35.66
35.46
35.91
35.47
35.67
35.67
35.05
35.73
35.76
35.35
35.67
37.11
36.61
36.13
36.46
36.41
36.41
36.31
36.39
39.54
36.24
36.11
36.61
36.00
36.39
36.62
37.18
36.86
36.93
36.81
36.74
36.76
36.93
36.83
40.27
37.57
37.42
37.51
37.41
37.53
37.33
37.16
40.34
38.12
37.45
37.84
37.70
39.66
40.82
41.08
39.89
39.91
39.56
39.77
39.92
39.87
40.50
39.98
39.80
42.87
39.37
38.88
39.71
39.02
39.15
39.12
39.08
39.44
39.52
39.20
39.81
39.28
39.46
39.74
39.45
39.52
39.65
39.71
39.94
39.93
39.85
39.79
41.52
41.93
40.19
40.24
40.23
40.31
40.29
40.32
40.28
41.34
40.77
40.67
41.81
40.80
40.37
40.20
40.71
40.77
41.31
40.59
42.47
41.21
41.43
41.52
41.54
41.41
41.39
44.16
41.58
41.75
41.87
41.63
41.86
41.87
41.88
41.55
41.49
41.73
41.62
41.99
41.98
42.33
43.28
42.50
42.71
42.63
42.57
42.56
42.69
42.73
43.03
42.92
42.95
42.94
43.00
43.02
43.05
45.56
43.32
43.23
43.52
43.76
43.49
43.44
43.62
43.89
43.67
43.80
43.83
43.73
44.13
43.83
47.42
46.53
46.18
45.68
46.02
46.57
45.99
46.70
45.95
45.72
44.80
44.82
44.95
45.27
45.39
45.30
45.16
45.37
45.24
45.22
45.35
45.61
44.96
45.71
45.45
45.33
45.69
46.47
46.02
46.03
50.98
46.27
46.30
46.48
46.51
46.47
49.70
46.48
46.56
46.65
46.72
46.86
46.96
46.88
47.13
47.07
47.14
47.18
47.31
47.46
47.57
47.75
48.08
49.78
48.45
47.59
47.54
47.36
47.70
47.62
48.19
48.19
48.09
48.43
48.17
48.23
48.30
48.64
48.98
48.42
48.84
48.93
50.02
48.79
48.81
52.31
50.73
49.73
48.72
48.61
48.75
49.47
49.72
49.32
49.41
49.48
49.50
49.54
49.68
49.88
53.40
52.27
52.26
52.26
52.58
50.17
51.21
51.54
51.31
50.54
50.51
50.22
49.88
50.81
53.98
53.81
51.36
50.39
51.05
51.03
50.95
51.10
51.14
51.20
51.51
51.80
51.29
51.69
51.67
51.55
52.76
51.79
51.70
53.84
53.97
51.91
52.14
52.07
52.17
52.19
52.28
55.34
52.68
54.00
52.67
53.01
52.57
52.85
52.75
53.41
52.51
52.80
52.73
54.31
53.15
53.16
53.48
53.06
53.51
53.88
53.76
53.50
53.16
54.28
53.71
54.95
54.12
53.82
53.88
53.91
56.90
55.61
54.24
54.60
54.23
60.16
57.37
57.43
57.39
57.83
57.36
57.33
57.47
57.62
57.66
57.45
58.12
59.77
57.81
