25.35
25.91
25.99
26.31
26.01
26.02
26.15
25.98
25.66
25.60
25.67
25.79
25.78
26.40
25.90
25.93
26.18
26.77
25.98
26.40
26.21
26.43
25.85
26.47
26.31
26.48
26.54
26.43
26.78
26.71
27.08
26.75
26.56
27.01
26.80
26.89
27.10
27.31
27.61
27.61
29.86
27.54
27.47
27.14
27.57
27.34
27.60
27.79
28.03
27.98
28.61
28.05
28.54
28.09
28.55
30.04
28.27
28.36
28.31
28.70
28.04
28.57
28.57
28.66
29.14
28.73
28.74
29.77
28.92
29.06
29.07
30.55
29.11
29.38
29.99
31.00
30.39
29.66
29.42
29.51
29.57
31.24
29.87
29.77
29.99
29.88
30.02
31.33
30.20
30.12
30.17
30.34
30.27
30.33
31.87
30.43
30.47
30.70
30.62
30.86
31.81
31.17
32.91
30.90
30.92
31.14
32.31
31.23
31.30
31.19
31.80
31.37
31.45
33.64
31.48
32.09
31.43
31.72
32.74
31.71
32.46
31.28
31.92
32.35
32.13
32.12
32.19
32.25
32.27
32.99
32.28
32.48
31.95
33.03
32.08
32.60
32.21
32.78
32.78
34.09
33.22
32.92
33.06
33.11
32.90
33.68
33.28
33.35
33.33
33.57
33.53
33.82
34.04
33.62
34.66
34.19
34.00
33.88
33.96
34.04
34.44
34.12
34.25
34.23
34.79
34.37
34.18
34.46
35.05
34.04
34.62
34.73
34.68
34.85
34.73
34.88
34.94
35.69
36.82
35.60
35.40
35.33
37.16
35.36
35.82
35.45
35.51
35.46
36.69
35.81
35.93
36.93
35.94
36.70
35.99
36.06
35.78
36.15
36.48
36.46
37.34
36.31
36.42
36.57
36.55
36.60
36.58
36.66
36.66
36.79
36.84
36.42
36.74
37.05
38.52
37.14
37.36
37.25
38.67
37.45
37.39
37.51
38.25
38.76
37.66
37.87
37.68
37.77
37.91
41.12
39.90
38.40
39.23
38.23
38.15
38.25
38.96
38.35
38.58
38.95
40.07
38.56
38.69
38.68
38.89
38.82
40.05
39.00
39.01
40.55
39.53
38.48
39.47
39.46
39.95
39.43
39.93
38.79
39.08
39.70
39.66
39.76
39.74
39.86
40.02
40.02
40.20
40.01
40.12
40.31
40.42
40.35
41.75
39.30
40.25
40.50
40.64
40.45
42.71
40.82
40.14
40.91
40.96
41.13
41.47
41.16
41.20
41.21
41.35
41.39
41.33
41.40
41.37
41.56
42.10
41.31
41.94
41.87
43.48
42.41
41.97
41.99
42.03
41.66
42.01
42.31
42.25
42.39
42.60
42.44
42.57
42.60
42.92
43.01
42.80
43.31
43.09
43.55
43.52
43.15
43.14
43.21
43.44
43.45
45.81
43.77
43.92
44.03
43.94
44.87
44.26
43.89
44.98
44.78
44.03
46.14
44.11
45.56
44.28
44.31
46.44
44.51
45.17
46.66
44.62
48.37
44.87
44.87
45.12
45.20
44.63
45.04
46.05
45.39
45.71
45.37
45.51
46.13
46.95
45.62
45.67
46.23
48.03
46.37
46.42
45.91
45.94
46.24
46.19
46.26
46.20
48.39
46.34
46.47
47.08
45.59
45.74
46.73
49.03
46.86
46.69
46.93
47.02
47.59
46.62
49.36
47.81
47.43
48.82
47.38
47.58
47.37
49.16
48.05
47.85
47.59
47.29
47.85
47.89
47.85
48.02
48.37
48.72
48.24
48.24
48.13
48.23
49.42
48.80
48.45
48.47
48.31
48.58
50.75
48.51
49.64
50.09
48.84
49.76
50.30
49.03
49.43
49.14
50.32
49.43
48.70
49.47
53.18
49.14
49.63
49.81
49.67
49.71
49.14
49.93
50.11
51.97
50.03
50.48
50.38
50.53
50.36
50.49
51.79
50.52
50.56
51.34
53.45
54.58
49.98
50.22
50.91
50.93
51.10
51.05
51.04
51.41
51.31
51.79
50.78
54.01
51.40
51.45
51.66
51.75
51.09
52.62
51.86
51.89
51.75
53.04
51.87
52.18
52.33
52.22
52.43
52.45
52.33
54.02
52.69
53.55
52.60
52.96
52.80
53.03
52.90
53.89
52.94
53.22
55.89
53.50
55.92
53.07
53.36
53.45
52.99
55.64
52.76
53.60
54.31
