1231.99
1250.60
1238.61
1233.79
1250.61
1251.54
1260.86
1258.52
1263.90
1265.40
1272.60
1286.56
1281.75
1295.28
1293.82
1303.14
1345.08
1311.80
1314.32
1317.41
1322.10
1329.31
1336.05
1338.24
1349.42
1348.41
1353.56
1350.96
1364.52
1365.10
1378.85
1379.67
1377.29
1387.14
1431.57
1398.72
1401.42
1418.71
1417.96
1418.57
1427.83
1429.56
1441.18
1438.85
1445.11
1454.68
1473.52
1494.45
1465.15
1472.04
1485.47
1507.57
1487.74
1494.43
1491.73
1509.93
1513.33
1532.76
1518.33
1528.88
1565.03
1545.74
1545.73
1575.81
1559.78
1564.77
1589.99
1567.18
1573.17
1605.06
1589.86
1599.95
1616.23
1606.30
1606.17
1647.79
1641.20
1628.29
1631.19
1631.75
1646.68
1654.03
1664.50
1692.88
1687.75
1680.23
1696.30
1711.28
1701.70
1702.84
1691.29
1715.77
1713.14
1709.57
1734.25
1727.02
1737.17
1738.24
1770.23
1759.57
1780.67
1795.17
1799.48
1821.22
1775.34
1823.12
1831.45
1800.26
1829.13
1804.60
1822.90
1859.29
1835.30
1838.26
1872.77
1849.01
1873.01
1849.89
1863.39
1881.66
1874.04
1875.27
1891.26
1892.11
1900.97
1915.84
1965.99
1914.92
1933.01
1941.56
1933.30
1952.65
1943.67
1948.60
1958.22
1965.47
1977.88
2000.12
1984.55
1990.23
1993.13
1998.24
2012.88
2010.80
2028.00
2065.48
2053.99
2072.76
2062.42
2052.49
2087.68
2074.62
2080.10
2125.02
2085.38
2116.46
2138.75
2099.01
2106.64
2166.27
2127.95
2136.98
2142.29
2143.73
2163.20
2156.24
2175.22
2180.85
2183.69
2174.77
2196.84
2198.51
2205.23
2218.38
2225.93
2230.04
2236.16
2229.61
2253.02
2310.46
2263.42
2276.56
2284.79
2283.57
2297.75
2307.48
2305.52
2304.80
2299.88
2311.86
2324.25
2351.47
2377.84
2360.37
2349.08
2388.05
2374.89
2368.87
2417.09
2411.28
2399.60
2448.35
2407.96
2414.05
2528.95
2454.57
2458.12
2432.33
2457.85
2449.24
2460.33
2493.60
2477.82
2476.14
2492.23
2508.35
2502.12
2528.54
2522.23
2549.98
2526.48
2549.41
2558.84
2564.04
2572.62
2587.82
2582.87
2589.07
2583.02
2660.62
2631.02
2611.71
2639.92
2656.89
2625.00
2658.54
2653.80
2692.41
2665.85
2674.21
2727.84
2694.42
2718.76
2721.97
2720.26
2702.48
2756.71
2713.89
2717.67
2787.48
2752.44
2740.66
2785.89
2765.04
2773.60
2809.22
2782.72
2790.29
2791.62
2804.91
2816.35
2834.71
2869.08
2827.50
2844.17
2849.25
2863.57
2868.56
2870.57
2865.71
2893.43
2917.73
2908.17
2928.85
2928.22
2920.79
2931.41
2936.07
2996.30
2972.95
2956.85
2984.95
3027.10
3001.12
3049.05
3056.47
3029.97
3023.23
3080.10
3095.60
3057.85
3123.42
3053.94
3078.97
3129.33
3108.53
3098.40
3096.94
3108.60
3117.31
3126.30
3134.34
3131.41
3162.30
3148.77
3173.77
3174.94
3172.06
3199.29
3199.63
3195.75
3205.56
3247.59
3242.53
3232.13
3286.45
3270.58
3248.98
3271.75
3311.23
3297.28
3291.09
3304.20
3307.86
3357.08
3352.01
3380.33
3428.49
3335.44
3354.04
3416.72
3414.93
3386.51
3432.77
3437.17
3405.79
3463.26
3470.28
3432.27
3519.23
3434.42
3439.41
3454.63
3484.20
3563.12
3505.18
3487.47
3527.75
3510.26
3514.01
3518.34
3542.86
3538.65
3602.97
3577.19
3577.35
3572.08
3600.32
3609.73
3604.92
3593.25
3642.54
3652.23
3661.07
3696.29
3660.18
3683.82
3671.40
3674.60
3678.21
3690.91
3696.59
3803.41
3702.84
3747.61
3830.92
3760.17
3747.49
3817.44
3807.25
3795.71
3870.95
3836.90
3822.92
3885.99
3836.43
3830.66
3850.20
3857.34
3887.10
3878.67
3886.69
3899.36
3909.51
3901.53
3905.89
3915.62
3921.83
3931.46
3933.19
4007.24
4040.60
4032.32
4020.45
3992.58
4031.55
4043.77
4019.21
4014.96
4025.46
4035.66
4046.43
4050.47
4094.84
4073.43
4080.44
4085.79
4164.48
4124.82
4115.88
4228.09
4133.32
4146.90
4214.29
4176.65
4165.57
4246.18
4207.21
4217.72
4287.18
4233.31
4258.78
4264.64
4294.99
4281.08
4256.46
4341.51
4285.40
4301.21
4302.88
4347.44
4353.66
4347.11
4368.94
4440.96
4348.35
4379.30
4360.81
4426.60
4381.63
4462.45
4418.60
4421.27
4421.04
4452.51
4448.88
4498.72
4466.88
4491.83
4509.29
4503.01
4545.76
4581.24
4522.69
4518.57
4635.78
4552.53
4564.51
4636.79
4592.57
4607.12
4671.24
4608.28
4632.43
4734.14
4640.57
4660.99
4663.47
4676.05
4716.59
4689.75
4731.68
4708.56
4721.52
4740.02
4795.89
4786.02
4760.32
4776.14
4769.61
4817.22
4818.54
4796.42
4794.25
4853.30
4846.42
4850.05
4857.10
4848.90
4857.15
