1677.23
1666.89
1733.27
1701.24
1745.25
1708.62
1686.43
1731.69
1720.83
1726.90
1739.52
1734.81
1754.23
1777.97
1754.98
1800.50
1783.89
1801.13
1849.94
1821.84
1820.12
1826.28
1837.00
1809.57
1895.00
1827.72
1854.47
1894.74
1838.53
1888.80
1883.88
1873.46
1918.95
1888.28
1891.45
1943.83
1925.15
1933.89
1946.54
1964.58
1952.48
1979.89
2018.63
1993.83
1974.97
1996.73
2012.65
2024.96
2069.51
2064.62
2059.02
2064.43
2070.90
2067.18
2092.00
2055.19
2047.62
2098.06
2077.20
2114.20
2119.79
2167.69
2103.55
2128.97
2163.91
2099.45
2186.52
2143.96
2159.15
2240.98
2204.14
2187.13
2231.74
2259.83
2259.72
2258.59
2257.60
2266.11
2183.45
2245.95
2259.17
2261.46
2289.29
2337.99
2279.23
2291.42
2361.05
2318.15
2400.58
2322.57
2342.03
2321.27
2378.34
2350.53
2387.80
2331.87
2363.37
2392.70
2439.80
2429.94
2404.90
2504.29
2430.80
2423.69
2418.25
2481.63
2476.58
2525.56
2504.16
2521.93
2495.38
2469.78
2523.83
2511.22
2516.27
2512.73
2590.88
2583.47
2534.86
2586.35
2608.76
2664.64
2591.03
2628.62
2679.55
2616.78
2702.76
2658.69
2626.88
2698.56
2684.03
2765.07
2682.78
2714.61
2710.37
2732.53
2722.81
2689.39
2762.96
2797.11
2753.43
2828.26
2778.73
2793.79
2810.89
2797.62
2888.01
2844.48
2856.95
2850.36
2824.57
2850.74
2862.14
2878.80
2871.74
2891.39
2960.66
2917.43
2924.76
2949.99
2893.77
2980.38
2981.90
2977.75
2925.84
2958.90
2942.84
3026.70
3084.46
3046.57
3060.87
3013.28
3048.34
3034.25
3051.34
3115.97
3072.97
3084.84
3075.44
3112.25
3186.01
3172.62
3122.77
3159.58
3150.64
3172.96
3155.19
3179.25
3167.83
3205.27
3178.13
3230.28
3246.30
3202.52
3283.11
3239.43
3289.50
3242.48
3255.11
3274.85
3308.71
3312.80
3396.77
3281.54
3295.60
3379.55
3427.87
3320.27
3377.97
3446.48
3445.95
3375.18
3441.19
3474.98
3470.46
3450.62
3440.73
3474.33
3536.20
3540.96
3540.72
3465.17
3540.31
3596.01
3509.70
3521.92
3628.50
3624.68
3563.20
3591.76
3583.63
3610.29
3657.03
3707.53
3633.18
3616.47
3760.36
3596.62
3682.36
3700.85
3697.89
3732.64
3687.04
3783.95
3728.88
3739.14
3695.33
3713.69
3856.67
3782.29
3790.94
3828.18
3823.16
3871.87
3822.32
3841.65
3844.90
3847.79
3884.60
3938.87
3879.99
3941.88
3934.16
3912.72
3947.72
3974.54
4022.86
3980.37
4017.61
3991.16
4051.70
4050.65
4015.19
4010.62
4034.85
4036.60
4120.34
4048.15
4071.12
4050.74
4099.84
4134.44
4201.52
4166.85
4122.44
4158.19
4218.45
4136.16
4198.29
4222.83
4137.08
4234.67
4153.94
4288.83
4222.42
4255.27
4307.62
4240.99
4252.96
4366.31
4317.69
4284.30
4371.80
4319.44
4320.10
4353.41
4381.20
4335.22
4408.31
4351.13
4480.08
4470.64
4405.12
4395.78
4487.40
4486.05
4519.58
4570.20
4455.21
4517.02
4560.34
4443.43
4616.81
4635.58
4565.44
4620.70
4616.05
4635.89
4542.12
4635.75
4664.19
4729.61
4689.31
4640.97
4713.81
4763.37
4666.21
4731.80
4681.26
4753.41
4730.32
4783.67
4888.79
4775.32
4839.02
4780.98
4790.85
4840.30
4873.95
4845.42
4845.95
4867.79
4937.53
4925.53
4934.24
4962.25
4975.97
4991.77
4933.87
4944.88
4974.40
5006.43
5041.55
5007.10
5046.42
5004.25
5008.74
4960.12
5046.70
5066.27
5077.77
5039.70
5074.48
5213.51
5141.43
5079.57
5242.18
5221.86
5207.89
5246.75
5220.90
5219.84
5212.81
5294.59
5242.78
5244.16
5262.90
5317.23
5252.36
5367.09
5365.95
5351.60
5328.03
5386.38
5382.91
5314.77
5479.35
5469.01
5484.41
5485.28
5465.62
5493.10
5492.55
5535.71
5545.94
5458.29
5595.87
5525.11
5597.60
5604.56
5685.65
5643.75
5554.30
5559.10
5670.88
5588.70
5659.68
5715.15
5831.37
5605.20
5666.90
5701.32
5711.74
5712.62
5701.46
5799.19
5769.94
5841.24
5769.53
5867.03
5872.55
5841.80
5879.18
5888.83
5882.99
5929.68
5837.51
6001.02
5933.36
5987.10
5947.56
5928.30
6007.81
6018.34
6044.58
6057.70
6013.91
6003.31
6021.05
6078.12
6177.48
6185.27
6160.86
6189.53
6181.01
6079.25
6144.42
6177.72
6152.77
6185.37
6220.14
6151.11
6348.18
6275.46
6214.92
6335.13
6266.49
6260.52
6350.47
6302.22
6340.60
6382.42
6535.71
6479.66
6344.75
6432.28
6360.08
6512.08
6479.27
6459.84
6610.28
6593.67
6501.82
6565.37
6579.50
6628.08
6553.67
6512.40
6595.91
6598.04
6614.63
6607.46
6678.53
6615.40
6676.16
6682.44
6642.13
6691.45
6753.32
6772.79
