1238.71
1230.76
1233.01
1247.06
1253.68
1264.77
1262.80
1263.13
1262.66
1275.60
1279.87
1287.42
1289.31
1298.66
1293.45
1323.19
1326.26
1342.19
1313.96
1319.90
1320.79
1326.68
1336.28
1336.97
1344.15
1350.94
1355.27
1357.44
1361.53
1365.88
1365.31
1381.26
1379.85
1381.72
1395.25
1392.95
1403.22
1407.66
1447.72
1455.65
1421.94
1418.90
1438.86
1444.73
1446.71
1453.73
1466.62
1456.18
1475.26
1473.08
1470.39
1484.10
1485.49
1493.58
1500.68
1500.72
1523.05
1521.20
1522.71
1530.70
1530.23
1581.90
1558.46
1563.86
1576.70
1593.33
1574.34
1573.30
1593.96
1579.64
1606.64
1589.89
1596.17
1602.17
1628.85
1624.70
1628.50
1652.24
1631.14
1639.85
1642.74
1681.24
1657.80
1663.28
1680.41
1703.22
1678.10
1692.88
1701.18
1745.75
1706.75
1707.67
1714.18
1733.44
1722.37
1734.50
1736.67
1742.75
1757.08
1759.21
1771.92
1813.36
1774.84
1796.14
1777.22
1803.63
1802.29
1802.30
1838.91
1827.42
1831.42
1837.73
1844.43
1847.84
1851.61
1860.67
1863.29
1865.61
1873.29
1868.38
1898.07
1890.64
1901.54
1934.75
1913.77
1921.62
1936.71
1963.46
1929.22
1954.00
1942.16
1987.15
1957.71
1974.09
1969.47
2034.82
2020.58
1986.23
1985.42
2032.07
2004.90
2022.44
2020.54
2065.95
2030.02
2039.74
2044.01
2088.02
2072.36
2087.34
2068.35
2142.64
2087.96
2083.72
2108.29
2133.68
2142.84
2118.10
2144.00
2161.22
2123.97
2139.39
2148.93
2176.89
2167.12
2204.89
2175.90
2216.28
2182.97
2198.86
2229.16
2236.57
2211.70
2235.97
2247.41
2269.65
2233.98
2251.11
2237.51
2283.91
2258.66
2274.55
2274.77
2300.61
2291.07
2293.89
2306.32
2315.17
2318.61
2318.60
2344.99
2333.63
2353.63
2354.50
2360.01
2367.66
2374.94
2379.24
2397.98
2417.88
2440.01
2500.05
2438.61
2416.83
2422.02
2443.71
2438.06
2475.97
2459.02
2456.89
2484.16
2509.35
2494.95
2534.84
2511.74
2518.07
2497.33
2563.40
2518.78
2538.68
2538.54
2581.51
2551.32
2553.44
2597.31
2626.27
2578.73
2589.04
2590.35
2644.55
2602.72
2608.99
2630.66
2662.86
2695.79
2695.70
2660.41
2707.70
2661.57
2686.64
2697.35
2745.53
2708.12
2699.69
2699.88
2752.56
2732.20
2739.09
2768.88
2795.23
2746.81
2761.51
2776.47
2817.68
2795.53
2806.75
2815.24
2869.08
2820.55
2855.91
2818.84
2887.39
2888.89
2866.52
2857.79
2912.04
2863.89
2867.92
2898.94
2934.49
2902.41
2932.26
2945.79
2940.99
2956.13
2961.30
2967.52
2976.14
2968.33
2980.11
2979.27
2988.12
2987.35
3039.09
3016.07
3021.43
3048.28
3046.65
3080.49
3055.64
3065.71
3069.62
3095.47
3068.82
3081.66
3094.18
3092.21
3121.58
3100.22
3113.85
3118.22
3167.52
3132.38
3207.61
3170.64
3164.94
3160.83
3237.78
3187.24
3184.50
3187.65
3278.69
3209.33
3215.92
3233.51
3287.16
3243.19
3264.88
3329.46
3354.21
3283.19
3295.62
3301.05
3377.60
3326.69
3328.93
3324.05
3379.02
3339.62
3351.31
3411.13
3422.74
3375.46
3401.77
3382.05
3456.18
3408.16
3405.46
3417.56
3474.21
3439.58
3439.81
3458.56
3540.99
3463.34
3508.38
3473.74
3553.19
3490.06
3569.01
3514.21
3567.48
3532.46
3540.36
3560.02
3615.54
3587.67
3581.02
3569.04
3650.11
3583.52
3623.13
3593.21
3613.95
3625.85
3637.31
3672.59
3705.87
3647.92
3715.13
3673.33
3674.81
3684.62
3683.80
3714.56
3758.05
3719.27
3755.00
3758.93
3745.28
3800.09
3789.80
3786.73
3811.29
3812.99
3844.50
3839.60
3897.93
3832.81
3836.01
3886.25
3846.80
3878.37
3951.00
3887.57
3889.30
3941.02
4008.41
3938.01
3929.01
4006.00
4004.58
3943.20
3953.96
3971.64
4058.63
3981.98
3987.99
4026.35
4119.90
4017.68
4029.26
4079.71
4106.56
4061.71
4057.21
4104.52
4131.62
4100.33
4119.00
4102.14
4179.12
4146.31
4153.86
4154.51
4252.92
4168.46
4193.48
4180.16
4254.96
4214.24
4237.68
4269.15
4284.16
4235.42
4248.52
4256.77
4327.78
4266.81
4343.80
4262.27
4355.66
4297.87
4311.29
4322.13
4400.49
4346.41
4340.75
4345.52
4471.33
4380.57
4402.45
4431.91
4406.54
4413.12
4428.95
4427.48
4433.73
4473.25
4460.08
4476.41
4468.30
4485.71
4517.60
4551.21
4522.65
4537.07
4522.97
4548.27
4571.16
4559.47
4598.55
4596.34
4590.60
4584.82
4653.77
4605.56
4663.22
4638.38
4653.21
4669.29
4657.07
4675.63
4793.38
4716.19
4708.84
4741.00
4800.59
4775.02
4741.99
4764.11
4854.00
4779.21
4798.67
4842.91
4896.23
4834.38
4813.19
4843.30
4944.12
